00_00000 O.Iya            3  7 2 18 2 19 x  x x  x  91  67 2135748333
00_00011 Y.Hiyonira       x  x 1 18 x  x 3 15 3 11  79  76 -2146423736
00_00022 T.Kiu            2  7 3  2 2  5 3  8 x  x  88  14 589360431
00_00033 E.Kireto         x  x 2  8 1 11 3 18 2 15  84  83 1462260044
00_00044 W.Hotsu          2 14 1 14 3  8 x  x 3  3  56  67 -488416284
00_00055 Y.Rokanu         1 19 x  x 2 17 1 15 2 10  38  66 -629202000
00_00066 N.Tosa           1 19 1  4 1 10 3 11 3  9  40  14 1489401225
00_00077 A.Ato            3 20 2 12 3  8 1 13 2  6  53  51 752244035
00_00088 I.Hehu           x  x x  x 1 16 1 14 1 13 100  64 292967409
00_00099 R.Neshioso       x  x 3 12 2  7 x  x 1  7  41  28 1109179442
00_00103 N.Saroo          2 15 x  x 2 10 3 14 1 15  57  42 1917050290
00_00114 I.Iwakuse        3  9 1  9 1 12 2  9 3 11  31  94 -2110024101
00_00125 U.Seunu          3  6 2  9 2 10 1 12 x  x  48  85 1610325561
00_00136 K.Owasa          2 14 2 10 1 17 1  8 3 19  30  97 1173429702
00_00147 M.Tarue          x  x x  x 3 14 x  x 3 14  67  53 -395392107
00_00158 N.Waya           x  x 3 17 3 15 2  8 1  8  46  86 1948964847
00_00169 Y.Roa            1 10 2 10 3  9 3 12 3 12  37  96 -1419203637
00_00170 H.Sukese         x  x 1 18 1 15 x  x 2 11  55  91 -1333528608
00_00181 R.Yakakuki       2 16 3 12 1 18 1 16 2  2  70  72 405976478
00_00192 N.Runawa         1  6 x  x 1 13 3 17 x  x  74  41 584335873
00_00206 A.Ohishina       x  x 1  2 2 16 1 15 x  x  58  67 52638614
00_00217 Y.Iyo            1 13 x  x 1  7 3  4 3  8  84  68 564856559
00_00228 K.Yuruhuyu       3 10 3 10 1  6 1 14 2 19  94  75 -630357284
00_00239 K.Huka           x  x 1 12 3 12 1 16 1 12  41  37 -83610589
00_00240 R.Hesata         1  6 2 19 2 14 1 10 1 10  95  40 947405817
00_00251 R.Sonishi        2 10 2  6 1 16 3 17 x  x  34  96 2050777406
00_00262 O.Suyohoyo       x  x 1 13 2 14 3  9 2 10  95  88 -618071237
00_00273 A.Chihana        3  7 3 18 3 12 3 19 1  9  99  50 -1392290746
00_00284 O.Nekuchi        1 19 1 16 3 13 1  6 x  x  88  63 653338416
00_00295 R.Hosu           3 15 3  7 3 13 2 16 2  7  64  92 -742974211
00_00309 E.Towa           1 19 3  9 1  6 1 10 1 18  61  20 -769666667
00_00310 S.Ire            1 11 x  x 2 10 3  9 x  x  87  37 -269608040
00_00321 M.Hirioha        3  8 3 12 3 17 1 13 3 13  77  87 1557806147
00_00332 U.Hoharaku       3 19 1 18 2 19 x  x 1  8  43  40 193680449
00_00343 S.Onoke          1 13 2 18 1 16 x  x 1 18  46  53 -1522215044
00_00354 U.Nuniriku       2 15 2 19 1 16 x  x 1  0  92  74 1466531127
00_00365 I.Sukokiyo       3 15 3 15 2 18 2 19 3  6  45  78 768623786
00_00376 I.Wahu           2 12 3 16 x  x x  x 1 19  97  55 -707041050
00_00387 M.Koshie         2 17 2 12 3 19 3 15 1 10  61  98 1490205980
00_00398 A.Huyuoo         x  x x  x 2 14 2  3 3 19  60  22 -167521255
00_00402 E.Tsuho          3 16 3 14 x  x x  x 3 17  55  26 -1718761515
00_00413 E.Keshi          1 12 3 14 1 10 x  x 2  8  33  37 -1987988452
00_00424 N.Tewana         2 10 3  6 2 18 x  x 1  7  80  55 -46881923
00_00435 W.Nutsu          3 12 3 10 1  2 3 17 1 16  53  92 2052001160
00_00446 K.Rote           1 11 x  x 1  9 2  6 x  x  71  74 1204982350
00_00457 N.Satsu          3 10 2 10 x  x 2 10 2  6  75  73 1800082273
00_00468 I.Hinini         3  5 x  x 3  8 3  7 2 11  67  96 1403796173
00_00479 A.Nosohohu       1 16 x  x x  x 2 18 2 17  45  52 -1859642661
00_00480 M.Taha           2 19 1  8 1 14 1  5 1 15  75  67 -2075173347
00_00491 N.Tsuhuko        x  x 3 10 3  2 2  5 3 19  90  57 -212964690
00_00505 R.Kaa            x  x 2 14 3 14 2 10 3 16  72  31 -67193372
00_00516 R.Riruresu       3  9 3 14 3 12 1  7 2  2  77  93 -1337648326
00_00527 T.Royuhu         1 18 1 10 1 12 3 18 2 12  0  96 1839898152
00_00538 T.Nari           1  9 x  x x  x x  x 2  4  50  56 727191712
00_00549 K.Uo             2 15 x  x 2 11 x  x 1 10  71  70 -2051849234
00_00550 K.Sechi          3 12 2  8 3  0 x  x 3 13  71  80 2052333202
00_00561 U.Seio           2  4 3  4 2 13 1 12 3 16  45  73 1453055331
00_00572 H.Tsutsuheko     3 19 2 15 1 14 x  x 1 16  68  81 -1508242124
00_00583 R.Soha           1 17 x  x 1 18 2  8 2  8  44  14 258592818
00_00594 E.Hukayu         3 16 1  8 1 19 2  3 3  6  99  94 185954428
00_00608 U.Ihase          2 14 1 16 1 14 2 10 2 16  30  86 1101379181
00_00619 U.Huinihi        3 10 2 14 x  x 3 16 1  2  14  52 -894360022
00_00620 E.Rahonote       2 16 3 16 1 19 x  x 2 14  60  55 973578142
00_00631 O.Hukito         x  x 3 14 3 16 x  x x  x  74  0 -1103599337
00_00642 T.Neono          1 12 2 19 3 17 2 19 1  8  24  81 -363840865
00_00653 W.Nutsuke        3 11 x  x x  x 2 10 3  2  24  77 1331539903
00_00664 O.Rehihoni       3 12 x  x 3 10 x  x 3 18  64  76 1650622994
00_00675 A.Heu            1 18 2  4 3 18 3  9 1 16  66  76 -1531273914
00_00686 M.Sahochi        x  x 2 12 2 12 2 16 3 16  95  20 -1438916461
00_00697 S.Tsuuyani       1 17 1  8 x  x 2 14 3 10  84  79 657522027
00_00701 U.Ikeehu         3  7 1 18 x  x 1 14 1 13  44  67 839096397
00_00712 N.Kirine         2 17 1 16 2 10 x  x 2 17  43  78 228926828
00_00723 M.Taha           2 14 2 11 3 11 2 10 2 14  84  48 -704140753
00_00734 W.Yore           2  5 1  2 1 11 1 19 3 14  52  53 -1014905286
00_00745 Y.Sero           2 18 1 19 1 16 3  2 1 19  82  47 -99223615
00_00756 I.Oya            2 12 3 16 3 10 2  4 x  x  72  28 -1255785151
00_00767 U.Nokayo         2  9 2 18 3  6 3  6 2 18  26  74 1398245076
00_00778 K.Rosa           3 18 3 11 x  x 2 15 x  x  36  98 -607738207
00_00789 H.Rukata         1  8 1 16 1 11 2 10 1 16 100  84 2016615193
00_00790 I.Runari         1  9 2 11 1 15 x  x 3 13  57  85 -1168473173
00_00804 K.Chiterusa      x  x 3 17 x  x 1 10 3 12  97  95 -1628433042
00_00815 W.Tateso         3 15 x  x 1 19 2 17 2 19  84  56 -1849380786
00_00826 S.Itohae         x  x 1 12 1 16 1  2 3  5  45  50 -1866683256
00_00837 K.Sashitase      3 15 1 10 3  5 3  8 x  x  77  36 1282507006
00_00848 N.Reroho         x  x 1 10 x  x x  x 3 11  70  48 -1785365736
00_00859 I.Nukeneha       x  x 1 16 1 12 2 19 3  8  88  46 -423718949
00_00860 R.Teushise       3 14 1  4 x  x 2 11 1 13  83  37 401546232
00_00871 W.Chihoka        3 12 1 14 3 19 2 11 x  x  96  91 -1162097102
00_00882 K.Kuchinu        1  9 2  4 x  x 1 18 x  x  26  41 -290482789
00_00893 A.Kunonu         1 14 2 19 x  x 3 16 2 17  42  88 -1351839277
00_00907 U.Awasasu        1  8 x  x 2 19 1 10 1 14  82  88 1293874276
00_00918 E.Kesonohu       x  x x  x 3  6 x  x 2 15  14  65 1111784394
00_00929 Y.Hekareo        1 15 3 16 2  9 1 12 x  x  54  38 -1127133609
00_00930 E.Natoyu         x  x 2 14 2 18 1 15 2 13  67  36 -1391393856
00_00941 A.Saho           3  9 3 16 2 15 1 12 2 17  50  97 -1703721378
00_00952 N.Seshinise      1 15 2 16 2 12 3 16 2 11  57  84 1693736762
00_00963 O.Ranahu         2 20 2 16 1 15 x  x 3  6  63  42 681920017
00_00974 E.Naroseya       3 13 3 14 x  x 3  9 1  6  88  83 1270571919
00_00985 T.Tauko          2  2 1  0 1 19 1 17 1 20  82  84 859989438
00_00996 H.Uhoa           1 19 3  2 2 10 x  x 2 12  74  20 -261171158
00_01005 N.Sotero         3  2 x  x 2 16 x  x x  x  79  86 779234118
00_01016 R.Otsuhe         1  9 2  9 3 17 x  x x  x  20  76 -325437562
00_01027 R.Ketochiu       3 18 x  x 1  9 3 16 3 13  85  97 -535250404
00_01038 K.Seha           3 19 3  4 3  2 3  6 1 19  81  53 418069024
00_01049 R.Kuhohi         1  9 3 18 2  2 2  9 2 15  41  61 -631369785
00_01050 U.Nuneno         1  9 2 18 3  6 3  6 3  8  63  83 -1692881937
00_01061 N.Warureshi      3 18 3 13 2 19 2  2 x  x  64  82 -2104837042
00_01072 R.Nonihori       2 12 x  x 3 18 1 12 3 12  50  84 1271931330
00_01083 N.Yohu           x  x x  x 1 12 2 10 1 14  91  97 498312539
00_01094 A.Nahuyo         x  x x  x 2 18 3 15 x  x  65  81 1070694797
00_01108 S.Riyoeki        x  x 2  8 1 16 3 16 1  9  97  89 1804044491
00_01119 E.Roneno         1 17 3 18 1 19 2 16 1 11  99  96 2021858868
00_01120 H.Nuyuwaku       x  x 2  7 3 11 1  4 1  0  97  26 -1763889138
00_01131 N.Kuiroso        3 16 x  x x  x 1 13 1 13  50  45 -1322689833
00_01142 N.Oha            3 19 2  5 2 15 1 16 2 15  61  67 886094802
00_01153 R.None           x  x 3 19 3 18 2 20 2  5  65  36 714903574
00_01164 N.Chichiwaho     1  6 2 11 3 15 1 12 1 10  44  40 -1621046422
00_01175 W.Heso           1 10 3 11 1  6 3 13 2  9  43  67 -1261352203
00_01186 U.Rukinoho       1 16 1 15 1 12 x  x 2 14  22  95 2131268361
00_01197 M.Horokuka       x  x x  x x  x 3  8 1 16  87  83 -1338818593
00_01201 R.Yurohisa       3 14 2  8 3  9 x  x 3 15  47  64 -2136571664
00_01212 U.Konashi        3  4 2 18 1 19 x  x 3 18  76  96 289214445
00_01223 R.Noso           1 10 x  x 1 19 1 11 3  8  95  94 1534293182
00_01234 R.Ua             x  x 2 16 2 12 3  4 1  7  41  47 -2112335801
00_01245 N.Kewa           1 17 3  5 x  x 1  7 3 12  31  22 139635053
00_01256 N.Hahura         x  x 1 18 2 16 3  3 x  x  87  45 -844442942
00_01267 M.Haru           3  8 2 17 2 18 1 13 3 11  14  72 -998406845
00_01278 W.Hutsu          x  x 1 11 2 18 1 16 2  8  50  85 -1262170166
00_01289 U.Ruku           1 13 1 15 2  8 3 13 x  x  40  24 1602311452
00_01290 A.Asu            3 13 3 18 3  5 1 16 2 14  42  48 1549925859
00_01304 T.Rekota         3  8 2 14 3 16 2  9 2 12  67  50 1788288810
00_01315 H.Hanu           2 10 x  x 2 19 3 14 1  6  76  56 1104552485
00_01326 E.Suro           x  x 1  9 2  4 3 19 2  8  94  86 1194818680
00_01337 R.Soahete        2 15 1 15 3 15 3 18 1 19  76  89 -1606584828
00_01348 R.Tanu           1 18 x  x x  x 2 19 2 14  67  93 1491123262
00_01359 O.Kihora         2 15 2 19 2 14 1 19 1 19  14  58 1233780996
00_01360 O.Yanoriko       2 17 2 17 2 19 x  x 1 17  10  94 1635228580
00_01371 N.Yoyaneha       x  x 2 17 1  4 1 15 3 10  73  75 1398640534
00_01382 R.Kasuyo         2 14 3 11 x  x x  x 2  2 100  83 -1908777410
00_01393 S.Yuwatoni       3 19 3 17 1  8 1 13 1  2  95  42 -2047403719
00_01407 T.Shihaya        2  5 2 14 1 14 2 18 3 14  17  83 1061673235
00_01418 U.Kotsuya        2 18 2 10 1 18 2  3 2  8 100  45 1286184960
00_01429 Y.Kekeki         2 15 1  5 3 19 x  x 3 18  85  41 -855942610
00_01430 W.Chike          2 15 x  x 1 18 3 12 3 11  40  28 -261493092
00_01441 M.Yohi           1 12 x  x 3 14 x  x 3 18 100 100 702518622
00_01452 I.Shisohii       3  9 1 17 x  x 2 12 1 14  64  67 647432482
00_01463 H.Tsute          x  x 2 10 2 19 3  2 1 16  37  93 436873915
00_01474 I.Atsu           3 18 2 10 2 13 1 17 3  9  89  55 1418284781
00_01485 K.Hikuwai        2  5 1 12 3  6 1  8 1 17  64  90 -807072077
00_01496 R.Tsunaki        2  8 x  x 2  4 1 14 3  5  85  20 -39216184
00_01500 M.Eko            2  4 1 18 x  x 3 10 2 15  61  78 1950567664
00_01511 K.Asuru          3 11 x  x x  x x  x x  x  89  87 1755321943
00_01522 H.Hachiku        1 18 1 19 3  7 2 10 x  x  57  44 1666058356
00_01533 Y.Tahurehe       1 14 2 16 2 15 x  x 3 16  22 100 -1698393568
00_01544 W.Soetsu         2 14 x  x 1 13 2  8 1 17  51  59 1986915096
00_01555 W.Era            x  x 1 15 3 11 1  0 1  4  90  50 -622966298
00_01566 U.Tonakato       3 19 x  x 2 19 1  6 1  5  83  24 -1905476501
00_01577 S.Raeso          3 17 1 15 3 10 2 17 3 16  57  0 -637364237
00_01588 U.Wahetosu       x  x 1 10 1 15 3 15 2  7  60  92 -1029470771
00_01599 I.Soonesa        x  x 2  8 x  x x  x 2 15  31  98 864966968
00_01603 W.Runua          3 15 3 13 3 18 3 13 3 14  95  17 260496818
00_01614 H.Suseha         2 19 3 12 2 19 1 13 x  x  76  92 1092144398
00_01625 U.Nukiyoka       x  x 3 12 1 18 2 18 2 16  93  75 -647536237
00_01636 W.Yoseo          1 11 2  9 x  x 3 17 1 10  41  59 221890061
00_01647 I.Unuu           x  x x  x 3  6 1  0 x  x  91  84 -512585563
00_01658 E.Nahuso         1 17 1  8 1 16 1 17 1 11  44  91 2136362480
00_01669 Y.Chinoha        2 18 2 15 2 19 2 11 3 17  71  24 -1703745511
00_01670 U.Noi            2 16 x  x 3 13 2 14 2  7  34  99 -1015499368
00_01681 H.Kuto           x  x x  x 1  4 1 19 2 14  87  20 2007821740
00_01692 I.Nesako         2 11 3 13 1  3 1  3 2 18  22  62 1143171395
00_01706 K.Sewanuhi       3  6 x  x 3  0 3 13 3 18  30  76 -1274325901
00_01717 T.Chisete        2 16 2 18 3 12 x  x 3 12  22  36 -1563381275
00_01728 I.Ukoyata        2  6 2 13 2 17 3 19 3 14  60  36 -354103187
00_01739 K.Tei            2 18 x  x 3 17 3 14 x  x  72  54 -440200046
00_01740 E.Karinu         3 15 x  x 3 18 x  x 2  9  70  79 1667999096
00_01751 I.Totashi        2 11 2 18 x  x 1 17 x  x  94  37 493688022
00_01762 O.Kenoasa        2 17 1  5 3 10 1  7 3  8  85  78 -939133577
00_01773 Y.Sorukoke       3 15 3 18 2 19 2 17 2  8  81  37 -152676176
00_01784 A.Rahahura       1 19 1 11 3 19 1 16 3 19  78  67 301613474
00_01795 R.Retau          1  7 x  x 3 13 3 18 2  6  91  80 -254553604
00_01809 E.Ohi            3  8 3 17 3  8 3 18 1 12  97  76 -525292498
00_01810 O.Tatasa         1 15 x  x 3 10 1 16 1 12  22  87 -758291664
00_01821 S.Tochi          2  9 3 18 3 10 2 15 3  3  69  92 671613990
00_01832 T.Tayu           x  x 2 12 1 12 3 12 2 16  77  24 -1141440488
00_01843 U.Yanuwa         1 11 2 18 3 18 1 15 2 11  40  83 842092063
00_01854 A.Roriui         x  x 2 17 3 18 3  9 3 19  93  79 1681938881
00_01865 W.Tsunosu        2 20 1  9 2 19 x  x 2  5  55  95 1641421226
00_01876 M.Nuchihu        x  x x  x 2 18 2  8 x  x  51  70 -1488192052
00_01887 A.Wayuno         1  4 x  x 2 17 1 11 3 16  45  50 117758751
00_01898 U.Reuyoo         x  x 2  7 3 19 1 14 1  9  33  73 1166056650
00_01902 W.Hawato         1 10 1 15 1 16 1 14 1 19  88  82 1960649863
00_01913 U.Shiri          3  7 x  x x  x 3 18 3 10  96  96 -292722914
00_01924 N.Hiyo           3 16 2 14 3  4 2 19 x  x  76  91 -141506319
00_01935 M.Saro           2  6 2  8 x  x x  x 1 20  78  71 -967818461
00_01946 Y.Kiyo           x  x x  x 3 15 1 16 3 16  80  83 387303288
00_01957 R.Osara          1 16 1 17 1 14 2  2 2 11  28  40 981483054
00_01968 A.Nase           x  x 3 16 x  x x  x 1  5  91  14 -2030594891
00_01979 I.Nisoto         2 14 3  6 1 15 1  9 2  6  31  62 -508615249
00_01980 U.Aseei          2  9 1 10 1 14 3  6 2 18  94  51 -594717420
00_01991 O.Heruyo         x  x x  x 3 15 2  8 3 17  74  20 -1407642799
00_02000 H.Kuchi          1 18 x  x 3 19 2 12 3  6  64  96 -2013156214
00_02011 T.Husuku         1 13 2 13 x  x 1  7 2 20  66  10 -639093945
00_02022 I.Kinu           x  x 3 19 3 17 2 20 3  6  86  50 1990321882
00_02033 I.Rusaya         x  x 1  3 1 13 2 18 3 16  26  72 41270638
00_02044 I.Hire           1  4 1 14 x  x 1 18 3 15  38  81 -811150215
00_02055 Y.Chihosu        1  9 1 17 x  x x  x 1  7  73  20 1980477249
00_02066 I.Uheo           1  8 x  x 1  2 3  7 2  6  94  56 2086088591
00_02077 I.Kohu           x  x x  x 1 15 3 10 1 19  68  58 209423128
00_02088 S.Huhaihe        x  x x  x 2 15 1 10 3 14  65  89 -915319039
00_02099 T.Taniyaka       2  2 3  6 1  8 2 11 3 19  76  74 -1476026139
00_02103 T.Iyosoni        x  x 1  9 x  x 3 14 2 16  43  86 -922693425
00_02114 E.Soku           3 18 1 13 3 16 3 18 3 17  81  90 39793553
00_02125 W.Tetoreke       1 16 3 19 1 18 1 12 1 17  78  92 -1004215463
00_02136 U.Tsuchi         2 15 2  4 3 18 3 15 2 11  58  59 -334114998
00_02147 Y.Tsuarina       x  x 3 14 1 16 1 12 x  x  85  60 657358507
00_02158 K.Nichini        3 19 2  9 2  5 3 17 x  x  95  50 -1063928866
00_02169 S.Iyake          2  8 x  x 1  8 1 19 3 17  86  59 -310849524
00_02170 N.Anuko          2 14 2 17 x  x 1 11 1 11  20  87 -811031390
00_02181 W.Chisu          3 12 1  9 1 17 1  8 3 16  10  28 51659687
00_02192 U.Ukesa          1 11 1 17 1 14 1 17 x  x  74  97 663772859
00_02206 K.Toya           x  x x  x x  x 2 10 x  x  50  81 -854895259
00_02217 K.Tanieke        1  6 x  x 1 19 3 18 1  8  59  67 -504127481
00_02228 R.Ukohi          x  x 1 11 3 12 x  x 1 14  98  95 -1434093306
00_02239 W.Nenasoi        1 10 x  x 1  5 3 10 3 16  20  72 2043843571
00_02240 Y.Rirako         1 13 2 14 2 15 2  6 1 17  70  83 -2003993870
00_02251 W.Hokotsutsu     x  x 3 13 2 12 2 19 1 15  72  36 1808161887
00_02262 A.Keya           2 10 x  x 1  9 2 14 2 17  80  62 967552924
00_02273 N.Yawakaya       x  x 1 16 1 14 1 12 3 11  99  73 1247334542
00_02284 K.Niwa           3 12 x  x x  x 3 18 2 14  40  68 561396560
00_02295 K.Hahohu         3  5 3 12 2 18 3  6 2  2  90  54 -98267552
00_02309 I.Yuteho         1 13 1  5 3 12 2 13 1 13  24  50 -1201181925
00_02310 T.Noki           1 18 3 13 x  x x  x x  x  83  87 606896591
00_02321 T.Yoki           3 18 3 15 2 17 2  2 1 12  76  99 -2106453028
00_02332 Y.Tesahu         1 18 2 16 1 17 3 17 x  x  87  41 2014632128
00_02343 N.Chiko          1  5 2 18 3  9 2 13 x  x  37  51 -766898523
00_02354 I.Chita          2 10 1 12 1 15 x  x 2 19  61  77 -1561297079
00_02365 E.Ure            2 18 3 14 x  x 3 15 3 20  46  67 380653780
00_02376 R.Tohununu       3 15 2 12 x  x 2  5 3 13  77  10 1512811889
00_02387 U.Tanusu         3 10 3 19 2  8 3 13 3 12  52  52 1906344770
00_02398 Y.Totsuyo        3 10 3 15 3 12 x  x 3  4  51  87 1641905786
00_02402 W.Kuahohu        3 17 x  x x  x x  x 1  7  69  92 422369562
00_02413 S.Rake           1 15 2  2 3 16 2 12 x  x  80  31 1595840946
00_02424 I.Huasuu         3 19 2 12 2 13 1  2 1 10  97  43 1894035715
00_02435 E.Kerichi        1 19 2 12 3  8 3  4 2 12  87  92 -67583195
00_02446 K.Hokorui        1 10 x  x 2 19 x  x 2 15  64  76 -1078600112
00_02457 M.Rototo         2  7 1 12 3 12 3  9 2 18  94  50 307154309
00_02468 I.Shisoyoyu      2 14 3  9 2 18 1 16 3 10  42  43 1258442947
00_02479 A.Seisuwa        x  x 1  2 3  9 1 12 2 12  70  76 1082737732
00_02480 K.Tarineka       1  7 x  x 2  6 1  4 x  x  96  78 1061294276
00_02491 U.Neiru          3  4 1 16 3  2 x  x 3 13  37  58 -286736223
00_02505 W.Ukushika       2 18 3 17 3  8 1 17 x  x  96  54 -33509760
00_02516 R.Wae            3  7 1 14 3 15 3 18 2 11  93  88 -883190460
00_02527 Y.Tatoheo        3 10 2 19 1 19 1 14 3 12  17  63 2139813195
00_02538 U.Teatayo        1 17 2 18 3 18 2 14 1  6  56  90 -677579134
00_02549 T.Tareshi        x  x 3 15 3 17 3 19 x  x  66  44 -889670734
00_02550 W.Hua            3 13 x  x 2 15 2 13 x  x  86  74 1748410475
00_02561 O.Nunihi         x  x 1 10 3 13 3 13 3 16  82  36 1286026366
00_02572 T.Renoya         x  x 2 10 3 18 x  x 1  7  0  58 2139131715
00_02583 S.Ketsu          1 10 3 14 3 15 1 12 3 10  79  38 686830382
00_02594 A.Netsu          1 15 2 16 x  x 1 13 3 13  75  95 -547356155
00_02608 E.Riraha         3 12 1 15 1 17 1 17 3  7  30  94 -937626508
00_02619 M.Shiteohe       2 14 2 15 x  x 1  9 1  4  44  93 -1890750414
00_02620 A.Oha            x  x 1  2 1 16 3 11 x  x  74  72 1013550409
00_02631 W.Ruyu           x  x x  x 1 13 2 19 1  4  50  81 1337212442
00_02642 H.Kahawa         3 12 3 14 3 16 3 13 3 14  60  44 568575814
00_02653 W.Yonohiya       1  8 1 12 1 19 1  9 3  0  58  26 -1183103079
00_02664 H.Ahi            1 12 2 14 1 17 2 12 3  6  63  92 -1998949086
00_02675 O.Kutoshi        2  9 x  x 1 15 1 20 2  9  79  80 -1156195512
00_02686 I.Shise          3 15 3  8 2 17 2 14 1  2  76  56 1470525033
00_02697 N.Watakua        1 18 2 11 1  8 1 15 2 14  98  50 1063183254
00_02701 N.Kosoro         2  0 2  4 2 19 x  x 2 19  87  31 1229537870
00_02712 Y.Akoniho        1  8 3 12 1 17 3  9 1 18  81  46 -1437952058
00_02723 Y.Ikariha        1 11 2  4 2  8 x  x 2 13  53  42 -1061613828
00_02734 E.Otehe          3  8 3 19 2 17 3 13 2  2  82  94 -792646062
00_02745 U.Yusuhe         2 15 2 19 x  x 2 13 x  x  89  22 -957702009
00_02756 H.Shiritsu       3  6 3 13 x  x 3 18 3 19  54  66 -22822234
00_02767 S.Tenua          3 16 2 11 2 10 1 16 3  3  70  44 -144752550
00_02778 A.Toni           1  7 x  x 1 10 1 11 3  2  14  36 2079833243
00_02789 O.Nuritaya       1  6 1 16 x  x 3 12 3 11  14  34 -292724130
00_02790 H.Shiochi        1 16 1 11 3 14 2  8 2 18  94  50 -1019175440
00_02804 T.Harone         2  6 1 16 2 14 1 17 1 16  80  42 -1571588467
00_02815 E.Kayu           3 16 1 18 1 10 2 18 x  x  74  85 572161153
00_02826 K.Neoho          1  8 1  9 1  6 3 10 2 16  86  95 -1670126753
00_02837 T.Uku            1 16 1 11 2  7 2 18 3 10  95  94 -1354933822
00_02848 H.Tane           2 18 3  9 1  8 1 11 3 12  96  70 7814964
00_02859 I.Tsukani        x  x 1  2 3 19 3 18 2 16  54  41 260621772
00_02860 S.Neisu          3  6 3  7 x  x 1 10 2 14  17  78 1951727804
00_02871 M.Shiuhiko       2 11 1  8 2  9 3 19 1 12  92  80 -135513746
00_02882 K.Hoake          3  9 1  2 1  9 1  7 2  4 100  91 -1160631989
00_02893 U.Akotote        2 11 x  x 1 11 2 13 1  7  84  78 203442713
00_02907 E.Nusu           3 16 2  9 1 12 2 18 3  9  67  96 1370755167
00_02918 K.Kinusu         x  x x  x 2 14 x  x 2 14  80  17 -1937050712
00_02929 O.Tasekou        1  4 2 11 x  x 1 16 1 12  97  92 1247231879
00_02930 I.Nuse           1 10 3 11 2 15 2 10 3 18  91  74 -808116384
00_02941 H.Rawawatsu      x  x 2 12 2  9 x  x x  x  46  83 915364941
00_02952 M.Sese           2  8 2  2 2  4 2  8 2 18  97  96 -1270776397
00_02963 S.Yua            x  x 1  6 3  8 3 15 2 10  79  66 1068550201
00_02974 E.Shichihoto     1 12 1  8 3 13 x  x x  x  94  89 1195019939
00_02985 U.Hihayasa       3 11 2 15 x  x 3 15 1  8  30  67 -126927888
00_02996 M.Yasu           x  x 3 10 2  6 3 10 1 13  38  54 1944336311
00_03005 E.Ruta           x  x 1 14 2 14 3 15 x  x  58  50 -1226802113
00_03016 S.Sohika         2 16 2 18 x  x 3 13 1 16  78  95 1953533432
00_03027 K.Suya           2 12 2 11 3 11 3  6 1 11  56  78 1289125308
00_03038 S.Wara           2 14 3 19 3 15 x  x 1 15  67  44 2071011694
00_03049 A.Henaa          1 18 1  6 1 11 1  6 1  9  66  14 -1171480370
00_03050 U.Wayo           1 13 3 18 1 19 3 11 2 16  53  10 1025475212
00_03061 W.Rusehera       2 15 3 15 x  x x  x 3 16  82  83 -330388653
00_03072 S.Yukinehi       x  x 1 15 3 13 1  7 3 16  47  91 -1578863757
00_03083 S.Noro           x  x 1 16 2 10 2 17 x  x  31  67 1657343972
00_03094 S.Shiyo          3 19 x  x x  x 1 14 1  6  56  34 141440369
00_03108 A.Kiru           2  9 2  8 2 15 2 19 1  8  89  96 -1988279400
00_03119 T.Osu            2 16 1 12 1 15 1 17 2  7  70  50 -1747598039
00_03120 K.Soyarike       3 18 x  x x  x x  x 3  7  57  73 -1763426913
00_03131 A.Oo             1  0 1  8 2 18 3 14 1 17  38  10 -1345269847
00_03142 E.Tayo           2  2 1 14 3 17 3 18 x  x  89  38 -1626468528
00_03153 H.Teshishie      x  x 1 17 3  6 1 15 x  x  43  92 1624977214
00_03164 R.Wara           3  8 2 13 2 18 2 19 3 15  0  46 1657341037
00_03175 I.Neyatsu        x  x 1 17 3 17 2 11 1 18  76  99 437051407
00_03186 A.Shiko          2 19 x  x 3 13 2 18 x  x  58  78 1454239445
00_03197 E.Hiwa           1 13 1 14 3 19 x  x 1  7  62  96 918814043
00_03201 E.Riosoto        2 18 x  x 3 15 3 15 1 10  90  17 2116065807
00_03212 M.Huyatatsu      2  8 3 19 1 16 2 17 1 18  70  90 -1972709761
00_03223 M.Ruro           3 12 3 13 2 19 3 11 3 19  17  69 1978499214
00_03234 K.Soteko         1 18 x  x 1 18 3 15 2 12  43  0 1887224251
00_03245 W.Ruha           3 16 3 16 x  x x  x x  x  98  76 -1699277889
00_03256 T.Nitosune       3 13 2 19 x  x x  x x  x  36  28 -910745408
00_03267 W.Kahana         1 16 x  x 2 10 2  8 1  4  72  47 -74220010
00_03278 M.Rea            2 18 1 15 2 12 3 12 1  4  82  96 309221029
00_03289 E.Kuyunu         1 18 x  x 3 19 2 18 1 17  69  83 -1854731408
00_03290 A.Eisoya         2 13 x  x 3 15 3 15 3 18  37  98 -787483549
00_03304 E.Hesetsutsu     3 14 3 15 x  x 3  9 1 17  80  92 -1285457944
00_03315 I.Rohe           2 14 2  8 3 12 1 18 2 10  43  92 -1071881957
00_03326 W.Hano           x  x 3 18 3  8 2  0 x  x  68  28 778480132
00_03337 A.Shinia         1 17 1  6 x  x 2  4 3 18  68  17 628806780
00_03348 O.Wasua          2  8 2 19 3 18 2 19 1 19  91  82 -1960204901
00_03359 Y.Hiho           2 12 2 19 x  x 1 12 3 12  60  92 408680132
00_03360 S.Waku           3 10 2 18 3 18 1 18 2  8  50  98 -1093761437
00_03371 A.Shineneo       3 19 1 18 2 16 x  x x  x  14  99 -1463751971
00_03382 K.Kiyurie        1 13 3 20 x  x 2 10 1 17  54  46 -717275621
00_03393 W.Neroki         2 17 1 10 2 10 3 16 x  x  80  44 122746758
00_03407 A.Etaa           3 16 x  x 2 11 3 16 2 16  17 100 1732264436
00_03418 R.Roo            3 12 1 18 2 15 1  2 3 10  50  81 449344075
00_03429 I.Suhuate        3 18 x  x 1 18 1 18 2 11  73  46 1317377522
00_03430 I.Kako           1 13 2  9 1 15 3 12 1 15  86  64 -2036113764
00_03441 T.Sure           x  x 2 14 2 17 x  x 1  9  58  98 -556966811
00_03452 R.Rikate         2  2 2  5 3 19 2  8 3 19  66  48 -1409705491
00_03463 S.Toni           1  9 3 14 1 16 3  7 1  6 100  45 -1277314392
00_03474 E.Nonesu         1 16 2  4 2 16 2 18 1 19  34  93 -645152055
00_03485 O.Tete           3  6 1 18 1  8 3 16 1  2  72  91 116872055
00_03496 M.Ritohi         1 17 1  9 x  x 3 11 x  x  62  62 495259142
00_03500 R.Chiyooto       3  3 2 15 x  x 2  8 2  9  93  58 -1217997300
00_03511 K.Wareeka        x  x 2 18 2 18 2 14 1  9  33  98 409443393
00_03522 N.Tahochi        1 13 3 16 2 15 3 11 x  x  76  80 -169304957
00_03533 O.Shito          2 18 1 13 x  x 1 10 1 17  30  89 -769380227
00_03544 Y.Nitohuhe       x  x 3 15 3  7 3  6 x  x  79  92 1883596717
00_03555 R.Suyunuka       1 18 3 10 2 12 3 15 3  6  56  88 -718644263
00_03566 M.Kukiko         x  x 2  2 3 17 2 11 1 16  33  82 1711310025
00_03577 S.Seniri         2 18 2  7 x  x x  x 2  4  40  94 1345244418
00_03588 O.Tsuwara        3  5 x  x 2 17 1 16 1  2  90  93 -213754203
00_03599 A.Kenosu         1 11 2 19 x  x 1 12 x  x  84  37 1782900563
00_03603 K.Hare           3 15 3  3 2 17 1 12 x  x  47  36 -1857565855
00_03614 K.Yahatoto       x  x 3 16 x  x x  x 2  8  87  76 880732060
00_03625 Y.Teta           3 15 2  7 x  x 2 10 1 10  97  72 -1937818198
00_03636 E.Suyayo         3  8 2  6 3  9 x  x 3 18  58  72 1364206074
00_03647 S.Enuhahe        x  x 2 16 2 16 1  5 2  6  75  80 -956450897
00_03658 W.Tero           1 16 3 15 1 15 x  x 2 11  86  51 -861520589
00_03669 A.Kau            x  x x  x 2 13 2 17 x  x  69  98 2005284708
00_03670 W.Kinehi         x  x x  x 3 17 3 14 2  5  54  81 -237582128
00_03681 K.Hiaseta        3 17 3 14 x  x 1 10 3 18  94  45 867126876
00_03692 H.Teku           3 10 1  9 1 11 x  x 1 16  50  59 561767662
00_03706 R.Hota           2  8 1  6 2 19 3 18 x  x  53  20 -859951202
00_03717 A.Hishini        3 11 2 13 1  6 3 19 x  x  64  43 -1086884212
00_03728 Y.Irahai         1 13 x  x 3 13 3 19 2 16  37  91 308508757
00_03739 U.Seru           1  4 2 17 1 15 x  x 3 16  24  88 -1972665092
00_03740 Y.Huwa           2 18 1  6 2 15 1 18 1 16  37  50 -2008249772
00_03751 U.Ruruyaho       3 19 1 11 3 17 3 14 1 19  79  94 442280893
00_03762 K.Nuri           2 12 2 19 2  7 3 14 x  x  98  93 -791014355
00_03773 M.Rohui          2 20 1 12 x  x 3  2 x  x  69  67 -891074543
00_03784 T.Richi          x  x 3 17 1 14 1 17 3 12  95  84 -573530858
00_03795 S.Kunano         x  x x  x 3  2 2 19 x  x  37  83 -275079295
00_03809 O.Kisoreke       x  x 2 16 1 12 x  x 3  8  81  38 -30131193
00_03810 H.Rokure         3 11 1 10 1 15 1 16 2 13  68  60 1782110767
00_03821 Y.Sachitese      3 11 1 10 x  x 2  6 1  8  64  62 -1936315167
00_03832 N.Touheshi       x  x 3 18 3 19 3 14 2 18  59  92 -1146280924
00_03843 K.Shichine       3  3 1 18 1 17 1 16 2 12  48  90 2024438558
00_03854 W.Wana           2 15 1 14 1 10 1 16 3  6  71  93 -452636443
00_03865 S.Resunesu       3  6 2 16 x  x 2 18 1 16  46  45 188917935
00_03876 I.Ite            x  x 1  4 2  5 1 10 3 17  87  36 1052115333
00_03887 N.Sukoei         3  7 1 13 x  x 2 11 x  x  44  67 1748918583
00_03898 K.Yawa           1 15 3 19 2 18 1 15 1 12  45  84 1396368304
00_03902 S.Tanoneno       3  9 2  5 x  x 3 10 1 12  90  96 1834104523
00_03913 W.Kayowake       2  5 x  x 2 17 3 17 2 19  76  89 1688731258
00_03924 I.Hane           2 19 3 16 3  5 3 18 1  9  77  20 1188479033
00_03935 M.Teto           x  x 2 14 3 12 x  x 2 11  73  63 -1614080825
00_03946 S.Rahi           2 14 3 10 2  5 2 10 3  6  46  14 612596864
00_03957 T.Yusaru         2 19 2 11 x  x 1 17 3  9  37  98 -1202762879
00_03968 M.Wahu           1  9 2  5 3 16 3 16 x  x  24  88 -1000528308
00_03979 E.Raru           3 13 1 18 3 18 1 10 x  x  81  55 546720321
00_03980 M.Rieata         2 19 3 19 2  2 1 14 2 14  10  71 1503943808
00_03991 Y.Enuuto         2 17 1  9 2 17 2 20 2 19  87  92 -434794331
00_04000 U.Yuyuki         1 19 3 12 x  x 3 12 2  8  62  98 -865633751
00_04011 T.Hohea          2 12 2 18 2 12 2 18 2 16  70  86 -680069032
00_04022 W.Shiwatsu       1 11 x  x 2 19 2 13 1 14  91  76 -1956132180
00_04033 O.Richiwa        2 18 1  8 3  9 x  x 1 14  95  64 -445971017
00_04044 H.Nuhu           2  6 2 18 x  x 2 15 3 12  40  20 1399197834
00_04055 T.Nataketa       1  2 3 16 x  x 3 16 1  7  79  56 1649416024
00_04066 N.Sehooyo        2 13 1 17 1 15 2 11 3 18  64  78 -1305208020
00_04077 R.Yuchika        2 16 2 12 1 15 2 10 x  x  31  69 -828611688
00_04088 N.Husoro         x  x x  x 2 19 3 11 2 15  66  91 -1760225882
00_04099 S.Yakuyau        1 19 2 11 1 11 3 16 2 12  20  86 -1505856880
00_04103 M.Kereho         3  8 2 13 2  9 3 18 3 15  99  55 307429397
00_04114 I.Chikuke        3  9 x  x 3 19 2 13 2 15  78  90 726633555
00_04125 S.Hiku           x  x 2  6 2 16 x  x 2 16  76  92 -428095546
00_04136 A.Heta           1  8 1 14 2 16 2  2 3  8  57  67 134512881
00_04147 H.Nahe           1  8 x  x 1 10 2  4 3 12 100  56 1903116654
00_04158 T.Hachitsu       2  7 2 18 3  4 x  x x  x  61  95 -1958330792
00_04169 U.Sunie          1 10 2 10 3 13 1 14 x  x  50  50 1316850541
00_04170 I.Narate         2 13 2 17 x  x 2 18 3 14  61  28 910959372
00_04181 R.Tsuuko         x  x 3 16 1  5 1 18 x  x  31  80 -1813020026
00_04192 H.Chitsuka       2 13 3 15 1  3 1  9 x  x  81  84 1652255037
00_04206 H.Tsuonara       2 16 x  x 2 19 x  x 1 10  50  76 1110998321
00_04217 U.Hutonua        x  x 3 18 x  x 2  4 2 16  84  74 1143304432
00_04228 E.Kiyuane        1  4 x  x 1 18 3 19 3 11  73  86 1232981302
00_04239 E.Huka           2 12 3 11 3 10 1 14 1 12  55  58 1765813046
00_04240 R.Rani           1  6 3  6 1 17 2 18 1  9  79  71 -8186906
00_04251 S.Wasuu          1 11 3 15 3 17 x  x 3 17  64  31 51676107
00_04262 U.Keraha         1  6 3 12 2  9 x  x 1 13  36  86 1861234277
00_04273 O.Ruyoki         2 15 2 17 2  7 2 15 x  x  86  34 -1784470744
00_04284 W.Kahukeko       x  x 1 12 3  4 1 13 2 17  93  86 1258386981
00_04295 U.Okeshi         1 10 x  x 2  8 2 18 1  7  86  81 1468264956
00_04309 E.Waka           x  x 3 15 1  9 3 18 2 15  67  81 -1427435976
00_04310 U.Yasoki         1  2 1  9 x  x x  x 1 20  28  68 1564309686
00_04321 R.Kuro           1 14 2 14 x  x x  x x  x  44  10 -370297201
00_04332 H.Yoese          x  x x  x 3 20 3  9 3 13  33  70 1020352592
00_04343 E.Sesanihe       3 20 2 17 2 13 3  6 2  7  47  92 795486156
00_04354 T.Huki           x  x 2  2 3 11 3  7 3 16  83  38 51458064
00_04365 U.Sashiyo        3 11 1  7 3 18 3 18 3 16  60  72 627031219
00_04376 I.Rayoso         x  x 3 13 1 19 1  8 x  x  78  80 457319448
00_04387 H.Nunise         3 11 3 18 2 15 x  x x  x  67  34 226771728
00_04398 E.Tose           1 17 1  9 x  x 3  4 3 10  81  88 139818184
00_04402 T.Hio            1 17 1  9 1 18 2 18 3 18  83  88 1726693193
00_04413 A.Kochiho        x  x 1 12 2 17 1 12 2 15  62  52 -2093736991
00_04424 O.Konarita       2 19 3 19 3 17 2 13 3 14  89  31 1146010817
00_04435 T.Hasuyayu       2 19 2 13 x  x 2 13 x  x  64  57 291719624
00_04446 Y.Nuo            3 13 1 13 1 11 x  x 2  8  30  67 -849817181
00_04457 I.Narui          3 18 3  3 3 14 2 16 1  6  60  84 1915919425
00_04468 R.Tsuuhuo        x  x x  x 3 15 2 18 3 14  75  70 -1981358387
00_04479 A.Nahi           3 16 1 19 3 16 x  x 1  5  78  51 855861259
00_04480 M.Sokononi       3 10 1 12 3 15 2 10 2 18  88  71 -985146494
00_04491 R.Tonuihe        3 10 3  8 2 10 x  x 3 12  81  53 -1878958974
00_04505 M.Iiau           2 10 2 10 2 19 2 14 3 19  50  95 1568202292
00_04516 I.Hora           x  x 1 16 x  x x  x 3  5  47  98 1953397195
00_04527 U.Kueto          2 15 2 16 1 14 x  x x  x  54  66 641849011
00_04538 N.Ekuwachi       x  x 2 18 2 17 1  6 2 19  79  14 -209257809
00_04549 T.Suhoiha        2  9 x  x x  x 2 19 1  0  54  67 2089090856
00_04550 M.Neri           1 20 x  x 3 17 x  x 3  9  76  70 1057155958
00_04561 U.Koka           1  6 2  7 1 17 2  7 3  7  83  14 999367171
00_04572 M.Niriso         2  7 x  x 3 11 3 19 2 16  90  43 953466817
00_04583 I.Harito         1 19 x  x x  x x  x x  x  83  14 1852321633
00_04594 U.Chitahiu       1 18 1 12 2 12 3 19 x  x  73  63 -1873221491
00_04608 A.Hanata         3 19 1 19 2 16 2  2 3 16  98  80 1627229200
00_04619 T.Uyosua         3 19 1  5 x  x 3 18 3  8  81  41 -71912321
00_04620 H.Nisu           3 18 x  x 2 12 3 16 1 18  52  47 641162964
00_04631 K.Toa            1 17 2 15 1 19 1  2 1 17  81  50 552837268
00_04642 Y.Sesekase       2 19 1 16 1  9 1 19 2 12  67  93 -972571899
00_04653 Y.Ohuso          2 17 1 11 3  6 2 10 1  7  72  64 -1112199221
00_04664 T.Kakono         1 18 3 18 x  x 3 17 2 16  0  60 -1093784177
00_04675 H.Ishio          1  8 1 19 x  x 2 14 2 11  81  45 1333658125
00_04686 R.Ruritaho       2 19 2 15 3 15 1 14 x  x  86  65 -2055651262
00_04697 U.Suta           2 10 x  x 1 16 1 11 1  6  67  76 1644750042
00_04701 U.Nekore         1 16 x  x 3 10 x  x 1  8  80  63 178152243
00_04712 N.Nakatano       2 13 x  x 3 19 x  x 1 10  80  94 -1230158038
00_04723 R.Hani           2 19 x  x x  x x  x 1 15  98  84 1754124859
00_04734 T.Hirokuki       3  5 1 13 3 10 x  x 2 11  85  45 -728360343
00_04745 W.Kekuta         1 16 x  x x  x 3 14 2  4  91  77 -1205736708
00_04756 R.Kawa           1 18 2 12 3 18 1  2 2  5  83  48 1034393288
00_04767 E.Ruyo           3 11 1 14 2 16 3 20 x  x  70  54 2006964095
00_04778 W.Newari         x  x 2 16 1 18 x  x 3 16  71  46 -1738084929
00_04789 W.Rahichi        x  x 3 13 3 13 2 18 1 18  70  72 872533633
00_04790 N.Kei            3  2 1  7 x  x x  x 1 16  51 100 1774730165
00_04804 N.Tatero         3 16 1 16 x  x 1 14 1 18  52  81 -1762862775
00_04815 O.Rari           2 17 2  6 2 12 2 17 2  4  73  62 -989323777
00_04826 O.Seneuwa        2 18 1 13 2  5 2  5 3  8  67  44 1593982903
00_04837 O.Katsu          1 12 2 18 2 14 2 16 2 11  36  42 -1655184024
00_04848 Y.Reronuyu       2 14 1 18 3 19 3  4 3 15  48  76 -1899804574
00_04859 A.Karisu         3 15 3  6 3 16 2 17 1 12  38  70 1974406359
00_04860 A.Riyayo         x  x x  x 3 14 2 14 x  x  20  55 -660992704
00_04871 A.Tasuhia        2 14 1 13 1 13 x  x 2 12  75  93 2064927486
00_04882 E.Uchirosu       x  x x  x 2  9 1 16 3  6  81  67 -1736837589
00_04893 Y.Kerahe         2  9 1 16 3 18 x  x 3 19  50  41 1265594610
00_04907 E.Rayusuka       x  x x  x x  x 3 14 3 10  48  88 783222626
00_04918 N.Husahu         x  x 3  8 3 12 3  8 2  7  64  78 534548738
00_04929 W.Rehohe         1 16 2 16 2 17 1 14 2 15  66  76 -1050741760
00_04930 M.Kuyo           1  9 3  5 x  x 3 11 2 13  70  55 1017787829
00_04941 I.Sakate         2 18 3 17 1 14 2 19 2 17  86  95 241490427
00_04952 Y.Kotoota        1 19 1 13 1 10 1 13 x  x  60  85 -257867291
00_04963 O.Nese           x  x 1 10 2 12 3 17 1 16  87  17 -78672828
00_04974 A.Nuno           x  x x  x 3  6 3 17 x  x  82  81 -1181144623
00_04985 R.Naenuse        3 18 1 11 1 17 2 19 1  9  91  40 -1505596589
00_04996 T.Ako            2 18 2 16 2 17 x  x 1 19  64  56 -1227328531
00_05005 O.Shikesate      1 16 1  8 x  x 1  5 2  4  92  59 1972588858
00_05016 I.Roko           3  7 1 10 x  x 1 14 x  x  50  17 1908135592
00_05027 H.Kuure          1 11 1 10 2 19 1  3 x  x  88  41 -1808397339
00_05038 Y.Yuya           x  x 2 17 x  x 1 19 x  x  81  17 -284166683
00_05049 E.Nuoya          3  4 3 16 2 19 x  x 1 14  98  93 -1269047217
00_05050 H.Nuteho         3 19 2 12 3 16 x  x 1  8  83  36 979690951
00_05061 U.Tonuhu         1  8 x  x 1 13 3 19 3 11  95  47 1049322922
00_05072 I.Ratawaru       2 17 x  x 1 16 2 15 1 12  57  81 1648155451
00_05083 S.Tehe           3 17 3 14 x  x 3 14 2 13  94  44 -738783005
00_05094 R.Nuto           2 20 x  x 2 19 3 14 1 14  77  74 -1511977668
00_05108 W.Hekire         2 13 2  2 1 18 1 16 x  x  97  34 -1602757866
00_05119 R.Kiuri          x  x 3  6 2 16 3 13 2  6  98  92 -1344516588
00_05120 Y.Shiranose      3 17 3 19 3 20 x  x x  x  90  76 1689620685
00_05131 M.Notara         1 15 3  8 x  x 3 14 x  x  83  41 -644564279
00_05142 W.Hashisu        x  x 2 16 2 18 2 12 x  x  90  68 1372992316
00_05153 O.Waokihe        x  x 2 11 2 19 2  9 3  5  87  93 -1349647391
00_05164 U.Sonutese       2 14 x  x 1  4 1 19 x  x  74  70 -106083097
00_05175 Y.Seno           1 16 x  x x  x x  x 1 18  10  86 -1555675477
00_05186 R.Ruchieho       2 16 2  3 x  x x  x 1 18  37  95 -904614152
00_05197 Y.Hinone         3 19 1 19 1 16 1 12 3 12  81  77 -295836757
00_05201 U.Sunute         1 16 3 13 3 14 x  x 2 15  44  14 -184360229
00_05212 T.Tenisotsu      x  x 1  5 3 15 3 19 x  x  0  63 1418513511
00_05223 S.Rochiha        x  x 3 12 3  7 3 18 1  5  40  52 -656076529
00_05234 O.Nuwarahu       2 11 2 18 2  4 1 17 3 15  80  60 -334220122
00_05245 M.Hoke           1  5 2 16 3 14 2  7 x  x  94  24 -130067199
00_05256 R.Yonusose       3 12 3 15 x  x 3 12 2  9  37  26 1989395842
00_05267 U.Aha            x  x 1 10 1 15 x  x 2 15  84  41 928848373
00_05278 A.Hutesa         x  x 2  5 1 17 3 13 1 11  81  78 229175357
00_05289 W.Sareke         x  x 1 12 x  x x  x x  x  86  46 -206149753
00_05290 R.Kaeri          1 19 2  6 2  2 x  x 2  6  90  68 1171093712
00_05304 S.Utanahi        2  9 2 14 2 17 2  0 1 18  24  81 58358350
00_05315 S.Heruha         2 12 3 12 1 13 x  x 1 12  88  80 -1764086435
00_05326 M.Nisehu         2 20 2 17 x  x x  x 3 18  96  47 -712694881
00_05337 N.Huhoso         1 11 x  x 3 13 3 10 3 19  90  89 1306994170
00_05348 N.Yoyochi        2 16 2 15 3  9 2  5 2 18  67  74 730784550
00_05359 K.Eta            1 16 3 18 3 11 x  x 3 10  80  87 -56665849
00_05360 K.Rasoyaka       x  x 1 11 1 19 2  8 1 11  79  90 1262086411
00_05371 E.Tsutsuhaki     2 18 2  9 1  8 1 16 3  0  52  65 -1425602484
00_05382 Y.Uku            2  9 2 16 1 14 1 10 x  x  88  93 -1281252436
00_05393 A.Uki            2 12 2 17 1  0 1  9 2 13  93  91 -290441923
00_05407 A.Nehehiho       3 11 2  9 2 15 2 19 2 19  10  78 1284272951
00_05418 E.Sosu           3 15 2 16 3 13 x  x x  x  10  43 40655192
00_05429 H.Utekota        2 19 x  x 2 16 1 12 3  6  70  80 -825402685
00_05430 A.Aka            x  x x  x 2 18 x  x 1 14  62  63 39226001
00_05441 S.Yonatau        x  x 3  7 x  x 3 10 2 16  47  53 74766012
00_05452 K.Ronuuu         1 18 1 15 2 19 3 10 3 18  60  53 532090129
00_05463 Y.Shiku          3 14 3 12 1 13 1 16 2 16  17  59 -319094975
00_05474 W.Tetesuka       2  2 1 17 x  x x  x 2 19  63  64 -1886822701
00_05485 N.Yosotori       1 15 1 10 2  8 2  5 2  9  76  17 1971905052
00_05496 K.Rohi           x  x x  x 1 15 x  x 2 18 100  64 793900967
00_05500 I.Rushinehi      x  x 2 15 3 19 1 18 3 18  94  73 1570373568
00_05511 S.Takea          2 14 3 19 3 15 3  2 x  x  68  68 -621982229
00_05522 K.Nekusana       3 18 3  9 1 10 3  8 x  x  71  58 277837296
00_05533 R.Chie           3 12 x  x 3  9 x  x 1 14  96  46 -1565130673
00_05544 W.Wara           1 12 1 15 1 12 2 14 2 18  60  67 1584479564
00_05555 H.Yoi            x  x 1 16 3 11 2 19 3 14  43  88 251862318
00_05566 R.Keeyato        2 12 x  x x  x x  x 3  4  33  44 419542698
00_05577 T.Rewarire       1  8 1  8 1 19 1 16 2  8  14  84 548019786
00_05588 U.Rohu           3 20 2 12 2 19 2 18 3  2  76  20 2115057598
00_05599 U.Tsute          2  7 2  6 3 18 2 17 2  9  34  61 1168803482
00_05603 W.Sato           3 10 3  6 3 16 1 12 x  x  17  78 1542845345
00_05614 H.Shiraru        3 19 x  x x  x 1 12 x  x  91  60 1151185463
00_05625 O.Kekeo          2  9 1  8 1 15 3 13 2  9  17  72 983998896
00_05636 H.Retoii         x  x 1 11 x  x 3 11 3 17  78  94 -570405752
00_05647 O.Raru           x  x 3 15 2 10 2  4 2 14  60  43 651567397
00_05658 H.Hotae          3 12 3 11 x  x x  x x  x  68  72 418066197
00_05669 W.Huni           x  x 2 16 x  x 1 12 2 19  87  43 411378888
00_05670 R.Kaheshi        2  9 3 16 1 11 3 10 2 10  50  97 304802936
00_05681 Y.Tsushiteo      1 15 x  x 1 18 2 15 x  x  57  17 1940925675
00_05692 W.Notatsushi     1  7 1  0 2 10 2  9 2 13  97  43 1461591915
00_05706 S.Tee            1 15 1 17 2  6 x  x 1 17  92  86 2096697309
00_05717 E.Wahieso        2  0 2 10 1 16 3 19 2  6  30  43 1765187189
00_05728 T.Rusaiso        x  x 1 15 3 14 1 19 x  x  10  69 1588321866
00_05739 I.Sanahe         2 18 1  5 2 11 2 14 3 17  79  77 1474775146
00_05740 H.Chionu         2 11 2 14 2 10 3 15 2 16  45  81 -181826874
00_05751 W.Hire           3 14 x  x 1 18 2 10 2 14  90  43 856216471
00_05762 S.Oshi           x  x 1 19 2 17 2 10 1 17  60  94 -1506349952
00_05773 H.Suso           x  x 1 13 2 18 x  x 3  7  37  97 -1320835205
00_05784 Y.Hichi          x  x 2  6 3 16 x  x 2 17  70  83 -1326007746
00_05795 K.Tatehuchi      2 14 3  6 2 14 x  x 2  6  41  72 -377558677
00_05809 O.Suterau        1 10 x  x x  x 1  7 3  8  72  74 668743181
00_05810 O.Ruisoto        x  x 1 17 2 12 1  3 x  x  91  67 -471096685
00_05821 R.Tayuyoke       1 12 3 12 3 18 1 16 1  6  61  45 -1904398282
00_05832 I.Yari           x  x 3 18 2 10 1 17 1 14  98  80 1445120427
00_05843 O.Sewa           1 17 2 18 2 17 x  x x  x  97  61 -1257702264
00_05854 E.Tsusachinu     2  9 2  4 x  x 2 18 1 15  91  47 -865950594
00_05865 U.Tane           3 19 3 19 2 16 x  x x  x  50  56 1466720638
00_05876 O.Haruni         1  3 2 17 2 10 1 12 1  6  90  10 956408447
00_05887 O.Yunakehe       3  3 2 19 1 12 2  2 1 18  10  88 716992692
00_05898 S.Yanuho         1 17 3 13 2 15 x  x 1 19  81  26 1817128399
00_05902 R.Tou            3 14 2  7 2 18 3 12 2 17  54  46 1547137962
00_05913 Y.Huyu           2 17 x  x 2  7 1 14 1 13  90  76 -983067318
00_05924 S.Utonu          1 15 3 12 1 14 3 14 1 19  85  24 -580366728
00_05935 U.Tahu           x  x x  x 1 18 x  x 1 18  22  94 -1356974784
00_05946 A.Kihese         2 11 2 10 x  x 3 19 x  x  68  83 -1723415933
00_05957 W.Akako          x  x 3 19 x  x 2  8 1 10  95  38 1812800948
00_05968 I.Nataseyu       x  x 3 11 1  7 3 14 3 10 100  97 1081801336
00_05979 K.Toa            1 12 1  8 2 13 3 14 3 12  77  53 -52921893
00_05980 S.Nee            3 14 3 19 3 12 2  8 3 20  28  91 -565813970
00_05991 R.Rakushi        1  9 1 10 1 16 1  3 3  9  46  52 220995825
00_06000 U.Rise           2 14 x  x 3 10 3 10 3 17  50  36 -1475575428
00_06011 A.Wahohi         1 19 x  x 3 19 2 16 3 16  57  20 8164623
00_06022 Y.Hihehe         1  3 3  2 1 14 3 18 1 11  30  37 -538019170
00_06033 K.Shichiru       3  9 3 11 1  4 x  x 1 13 100  93 580002396
00_06044 U.Kikukana       3 17 2 10 1 17 2  9 1  8  62  96 -1518596461
00_06055 E.Yauki          2  9 x  x 1 10 x  x x  x  97  76 564274227
00_06066 M.Eku            x  x 2 18 1 16 1 19 2 12  74  88 -1435403588
00_06077 Y.Hishise        1  8 1 13 x  x 3  8 x  x  75  82 -203647325
00_06088 O.Sokei          1 14 2 19 2 11 2 17 3 13  52  59 -1481052746
00_06099 K.Tatohato       x  x 3 13 1  4 2 10 1  6  85  94 249306217
00_06103 A.Atsuyani       2 16 2 14 2  0 2 16 2 15  72  69 -653341642
00_06114 K.Hehiha         3 12 1  9 3 10 x  x 1 17  94  78 599835004
00_06125 I.Ruya           x  x 1 19 1 16 3 15 1  5  53  95 1309445911
00_06136 O.Okine          3  9 3 18 1  7 2  9 x  x  33  54 2022861044
00_06147 O.Neroina        2  8 2  8 x  x x  x 1 14  56  80 814565888
00_06158 K.Koonu          1 10 3 12 x  x 1 19 x  x  22  57 -438071678
00_06169 H.Ruinaho        x  x x  x 3 19 2 18 x  x  78  53 -723702346
00_06170 U.Hakuchi        1  9 3  4 2 15 2 13 1 18  59  57 780944516
00_06181 Y.Ihayuka        2 14 1 16 1 20 x  x 2 15  45  24 -239995686
00_06192 W.Reoruse        3 10 x  x 1 19 3 16 1 13  36  58 1459745836
00_06206 T.Reno           2 19 3 15 3 13 2 11 x  x  92  87 -997444244
00_06217 U.Tosuwa         3 15 2 19 2  2 3 14 3  8  84  42 181481512
00_06228 U.Teyore         1 18 1 12 1  7 3 16 x  x  14  14 -251943722
00_06239 I.Rei            1 12 2 13 2 13 3 16 2  5  72  78 -1865189228
00_06240 I.Nihuusa        3 11 3  6 3 13 x  x 1 16  43  42 436750115
00_06251 E.Yau            x  x 3 10 x  x x  x 1 19  0  57 -1188068719
00_06262 E.Rihose         2 16 3 10 1  6 x  x 1 16  74  60 -75929464
00_06273 S.Hasue          1 17 2 18 x  x 1 14 3  2  95  88 -373365030
00_06284 U.Keri           3 10 2 12 1  5 3 13 3 19  95  68 879376428
00_06295 H.Shirona        x  x 3  8 2 18 2 18 2  4  78  44 -927787133
00_06309 S.Sesoka         2 15 2 11 x  x 2 11 2 14  41  59 -2026430374
00_06310 W.Irote          x  x 3 13 3 14 2 19 1 16  96  22 -1923047233
00_06321 I.Nuniro         2  8 3 14 x  x 2  6 3 18  41  72 -754374035
00_06332 W.Niraro         x  x 2 16 1 12 2 14 2 18  74  84 1678207912
00_06343 O.Nara           x  x 2 13 2 12 3 16 2  6  85  73 -1067472638
00_06354 M.Eorona         3  4 1 17 x  x 1 16 3 19  31  53 423985925
00_06365 U.Esahu          3  6 2  6 2  0 1 11 x  x  67  24 2114224664
00_06376 K.Sasekoso       x  x x  x 1 12 x  x x  x  91  20 559287819
00_06387 R.Shinuu         3 18 1 13 3 13 1  7 x  x  22  31 1781839067
00_06398 Y.Nawanesu       1 16 1 11 3 14 3 18 3  7  20  46 967243475
00_06402 T.Reiu           3 19 x  x 1 13 x  x x  x  30  68 -2001368952
00_06413 U.Soatoha        2 19 2 14 1 14 2 10 1 18  63  53 -1122051539
00_06424 Y.Nukura         3 19 1 16 1  9 x  x x  x  92  0 -1160650601
00_06435 M.Ketehune       3  9 x  x 1 18 3 19 2 18  74  80 1489958353
00_06446 E.Iretsu         1 12 1 17 x  x 1 14 3 13  36  90 1691850211
00_06457 M.Yakeshini      3 16 2 16 3 18 2 16 x  x  88  86 131698979
00_06468 K.Raru           2 12 3 18 2 16 1 16 3 12  48  78 -179233407
00_06479 K.Chiho          2 11 1 12 1 18 2  2 1 14  72  80 -362907976
00_06480 K.Wasuho         x  x 2 12 x  x x  x x  x  67  71 1420358503
00_06491 N.Keteso         2 17 3  6 2 12 3  4 3 16  75  76 403222170
00_06505 A.Ayuhoro        1  8 2 12 3 20 2 10 2 17  55  94 -1789458291
00_06516 N.Heshiseku      1  9 x  x 2  8 2  6 3 12  65 100 -1359191267
00_06527 U.Tanenu         3 18 x  x 3  7 2  7 x  x  83  98 794518672
00_06538 A.Shiwa          x  x 2 17 1 16 2 15 3 10  10  66 2118234728
00_06549 W.Kewa           3 18 3 10 3 18 3 14 1 10  65  67 -1723388326
00_06550 Y.Uresa          3  6 3 14 2 18 3 16 3 13  17  36 -13324510
00_06561 I.Rani           x  x 2 13 x  x 2 10 2 18  38  98 -914241107
00_06572 Y.Yuuri          3  2 2 17 3  8 2 11 2 10  80  50 1802921313
00_06583 U.Reokeko        3 11 2 11 x  x 2  7 3 14  87  97 576707823
00_06594 M.Tsuna          3 10 2 19 2  0 2 11 2  4  81  41 -2066286872
00_06608 N.Nashita        1 18 3 14 x  x x  x 3 11  72  84 -322770199
00_06619 O.Hota           2 18 2 15 2 19 1  7 x  x  10  34 166886869
00_06620 N.Kekeoha        x  x 2  7 2  8 2 12 2  2  95  47 -1229361148
00_06631 T.Yoshiku        1  2 2 13 3 11 2 13 2 12  46 100 1527591764
00_06642 A.Tenasa         1 10 2 16 x  x 3 17 3 19  97  85 443151002
00_06653 T.Konenena       2 17 3 17 2 15 x  x 3 14  86  0 -1566644683
00_06664 O.Rahukuko       1  9 x  x 1 17 2 16 3 17  45  60 909660705
00_06675 I.Rasuhuni       1 16 2 15 x  x x  x 2 10  87  64 -292699829
00_06686 Y.Tare           x  x 1 12 2 10 3 19 x  x  38  81 653991370
00_06697 S.Kera           2 18 2  9 2 11 1 18 1 15  60  95 50555365
00_06701 T.Suha           1  6 3  8 3 19 2 15 x  x  59  17 -268762868
00_06712 K.Aa             x  x 3 14 2  9 2 11 3 11  33  84 -301371540
00_06723 O.Nusu           2 10 3 13 2 15 1 11 2  7  77  82 773408762
00_06734 I.Rikeia         1 20 2 13 x  x 2 18 3  7  98  48 721650159
00_06745 T.Oyoneke        2 19 2  7 x  x 2 16 2 14  64  22 1686851216
00_06756 I.Kokiseyo       3 19 3 10 2 14 2  8 1 13  10  36 1304008922
00_06767 W.Yowariro       2 12 1 19 2 19 2  6 2 18  86  90 -1445816948
00_06778 A.Nironuha       2 10 x  x 1  6 2  5 x  x  69  95 559659294
00_06789 W.Chitsu         x  x 1 16 3 12 3 15 2  6  44  61 -646840374
00_06790 R.Rerusuyu       2 13 3 10 3 10 2 15 3  9  85  22 -645008029
00_06804 S.Tokesa         x  x 1 13 2  8 3 15 3 13  82  98 -1057836185
00_06815 W.Irewana        2 17 1 13 2 10 3 18 3  7  88  97 -194593685
00_06826 K.Raho           1  6 2 12 2 18 3 12 x  x  65  50 1110536658
00_06837 S.Ruyurora       1 18 2 10 x  x 2 18 3 13  81  90 602795497
00_06848 U.Shinu          1  9 3 18 3  6 2 19 3  8  20  67 1933566764
00_06859 M.Chiekawa       1 13 2 10 3 18 3  6 x  x  24  10 246107586
00_06860 I.Oru            3 10 3 16 1 20 2 19 2 18  52  58 811958983
00_06871 K.Watsuki        1  6 3 18 1 12 3 17 x  x  89  52 -684928547
00_06882 U.Koteana        x  x 2  9 2 12 x  x 1  9  88  41 -784848460
00_06893 K.Waho           3 10 1 11 1 11 1 14 3 16  44  77 -223917870
00_06907 N.Hosukete       1  5 1  4 2 17 1 13 3 14  98  50 -108773818
00_06918 S.Yohi           3 19 x  x 2 12 2 16 3  5  65  85 565694132
00_06929 M.Oroshi         1 11 2  0 2 15 1 11 1 19  31  87 834762443
00_06930 R.Husu           3  4 1  8 1 12 3  9 1 11  99  86 268284514
00_06941 U.Roshi          1  8 3 16 1 16 1 17 2 11  76  28 -916645093
00_06952 O.Kuseuro        1 13 2 20 3 19 x  x 3  9  72  78 1598168954
00_06963 E.Nase           1  0 1 11 x  x 3 14 3 12  51  84 -240681190
00_06974 Y.Toneho         2  2 x  x x  x 3 14 2  6  58  44 -374178345
00_06985 O.Oreneto        1 19 3 13 x  x 1  9 2 16  80  91 917964467
00_06996 T.Chirusuho      1 10 x  x 1  4 x  x 3 13  84  94 -796342820
00_07005 A.Kiihe          2 10 3  6 2 18 1 12 1 10  93  52 1717445083
00_07016 W.Nanohe         2 16 2 15 3 20 3  0 x  x  83  77 24582387
00_07027 I.Niene          1 18 x  x 1 17 x  x 3  6  33  70 -1976637943
00_07038 S.Kuhe           3  6 3 12 1 18 1 15 1 14  95  36 1845778357
00_07049 N.Kuheu          2  6 3 11 x  x 3 17 3 19  98  81 -1585735975
00_07050 S.Rirokani       x  x 3 19 1 10 3 16 1 10  83  38 926817375
00_07061 S.Reho           1 18 x  x x  x 3 17 1 18  62  80 501577281
00_07072 T.Rureke         3 18 1 18 2  5 2  8 2 10  58  86 -228325726
00_07083 U.Hishi          x  x 1 10 3 17 1 11 x  x  28  28 -800533331
00_07094 M.Hanawasa       3 20 3 16 2 19 1 17 2 11  10  78 -1753541834
00_07108 W.Oinote         1  8 1 16 x  x 1  5 1 15  67  22 45947915
00_07119 W.Niyaya         x  x 3 19 x  x 2  7 2  4  95  65 858357791
00_07120 Y.Ninare         2 16 x  x 1 12 1 18 x  x  50  34 -687247033
00_07131 Y.Tarura         1  6 1 19 2 15 1  5 1  8  80  95 423191631
00_07142 W.Kukuate        2 18 1  9 1 14 x  x x  x  75  76 -1134159484
00_07153 M.Retorone       1 18 1 11 x  x 1 18 x  x  37  92 1602558307
00_07164 W.Sokuyui        1  7 2 19 3 19 2 13 2 16  89  84 1978958259
00_07175 W.Yae            1 10 2 12 x  x x  x x  x  60  45 -901860754
00_07186 R.Ouchisu        1 11 1  4 1 17 2 17 3 20  63  87 1152613788
00_07197 E.Nehiyu         3  9 x  x 1 12 1 18 1  3  33  0 433624267
00_07201 S.Ichishi        3 17 3 17 1  6 3 16 3  9 100  70 -1576483550
00_07212 W.Echikesa       3 10 2  9 2  8 x  x 2 11  68  78 2036910430
00_07223 M.Hunirohu       1 18 2 17 1 19 1 13 1 14  83  41 -1143803645
00_07234 M.Yuta           1 19 3  6 3 19 x  x 1 19  98  83 528256398
00_07245 S.Hoyare         1 16 x  x 3  8 3 14 1 11  48  14 -384211690
00_07256 M.Ekuni          2 13 3 19 3 11 3 18 3  4  57  97 1791756083
00_07267 Y.Sekisata       1 16 3 10 3 14 1  4 3 16  0  91 1808269693
00_07278 A.Huioo          3 15 x  x 3 18 2  7 x  x  43  45 -1694209176
00_07289 T.Hara           2 12 1 18 3 15 x  x 2  5  48  34 -33153258
00_07290 N.Hutaro         3 18 3 17 x  x 3 19 x  x  84  37 485570919
00_07304 Y.Kokanu         1 16 3 20 3  0 2  5 1 17  88  14 -1956525940
00_07315 M.Nuo            1 16 2 18 1 17 3 18 x  x  63  28 -1263694517
00_07326 H.Tachinu        x  x x  x 3 12 x  x 2 17  58  99 -2067380782
00_07337 S.Hokehachi      2 14 1 12 3  8 1  9 2 19  98  92 1943786074
00_07348 R.Inine          3 11 x  x 2 16 x  x 2 18  78  87 1902658664
00_07359 R.Hiha           1  8 3 11 3 14 3 11 x  x  99  84 -650580169
00_07360 S.Kutashisa      2 19 x  x x  x 3 13 1 14  92  74 -160052472
00_07371 T.Kohu           3 19 2  8 2 12 1 18 1 18  34  42 1752581978
00_07382 A.Kisu           x  x x  x 2 17 1 19 3 19  87  33 778323558
00_07393 U.Hookehe        2 12 3 18 1 15 1 16 3 17  66  96 -81822360
00_07407 R.Kihetsu        3 16 1 14 3 14 1  6 1  6  62  77 -1074755720
00_07418 R.Ushikunu       2  8 1  8 2 19 x  x 2  5  48  87 216844975
00_07429 U.Shiseku        2 13 3 18 x  x x  x 2 12  97  17 845327213
00_07430 H.Rironana       2 12 3 19 3  6 3 10 2 14  72  17 1863098951
00_07441 N.Ruo            1 12 3  3 2 18 3 18 3 12  93  61 -872149691
00_07452 N.Husuhi         3 19 3 12 2 18 2 13 3 19  10  66 -21776855
00_07463 W.Riwareke       x  x 3 17 1 13 2  4 1  6  63  70 323816383
00_07474 I.Kuhuhahu       2 19 3  8 1  6 3 17 1 16  88  90 -485268305
00_07485 R.Roriru         x  x 1  6 x  x 1  8 x  x  64  61 1355979944
00_07496 A.Wananiwa       3  3 2  9 1 18 3 13 x  x  82  76 -701490776
00_07500 M.Hetewa         1 17 1 11 1 18 3 15 3 19  31  72 1262073594
00_07511 S.Isora          x  x x  x 3 10 2 12 3  5  62  70 707938648
00_07522 K.Yoto           3  7 1 16 2 12 3 15 1 10  76  80 1844426172
00_07533 S.Reyushi        1 15 1 18 2 17 2 14 2 19  90  31 -1380574327
00_07544 I.Eka            3  9 3 12 2  2 x  x x  x  74  41 1565864281
00_07555 A.Warura         1 10 x  x 3 19 3 16 2 19  38  83 729884723
00_07566 O.Rasukose       2 11 3 18 1  8 1 11 3  6  72  91 1381160141
00_07577 W.Huoki          x  x 1  9 x  x 1 13 3  2  57  89 1371002999
00_07588 N.Nokise         2 15 x  x 1 18 x  x 3 15  34  91 962079274
00_07599 Y.Hauko          2 15 3 10 1  6 2 17 1 18  43  60 -1323411001
00_07603 A.Keru           1  2 1  9 x  x 1 14 1 19  33  72 -406237206
00_07614 O.Nitsuto        1 14 1 13 1  4 x  x x  x  80  40 -1988325770
00_07625 Y.Eka            x  x 1 18 2 12 1 18 2 15  64  0 822064969
00_07636 A.Kaseyuki       2 12 x  x 3  2 x  x 1 15  94  30 1290661163
00_07647 M.Shirane        1 12 3 16 x  x 1 13 x  x  96  72 -1453808330
00_07658 Y.Keitsuka       3 17 2  9 x  x 2  9 x  x  83  17 -196680059
00_07669 H.Huso           1  9 1 17 2 14 3  6 3 13  40  79 1543622529
00_07670 H.Ritonewa       x  x 2  9 1 15 1 19 1  4  33  30 1150849807
00_07681 M.Nishiyane      2 14 2 18 1 10 2 10 1 12  64  61 -788733951
00_07692 H.Hohoshihe      x  x 1  9 2 10 x  x 3 19  82  91 945039536
00_07706 A.Sohoteho       3 19 3 12 1 19 2 13 2 17  36  37 557418339
00_07717 N.Norasaha       1 14 3 10 x  x 2  8 3  8  24  86 -2010095620
00_07728 Y.Reiki          x  x 2 19 2 18 2  6 x  x  97  83 1099738361
00_07739 A.Nehu           1 10 3 15 x  x 1  8 1  9  71  68 -7772308
00_07740 M.Kite           3  0 x  x 2 12 1  8 x  x  82  95 -2033655310
00_07751 M.Uhoneru        1 11 1 10 1 17 3 17 2 15  43  59 -435110259
00_07762 W.Noraru         2  2 1 12 3  7 3 15 1 19  56  99 -2118112683
00_07773 I.Noa            2 11 x  x 3  6 3  9 2  7  83  99 980145974
00_07784 I.Usako          x  x 2  8 2  3 1 11 2 15  45  45 230122643
00_07795 O.Anariso        x  x 1 19 1  4 2  4 3  3  98  48 -1065769450
00_07809 E.Kekoo          1  6 1 17 1 15 1 18 x  x  70  63 1330179269
00_07810 W.Horuri         1 12 x  x 1 11 2  9 1 13  74  30 1319590265
00_07821 H.Chikeno        x  x x  x 2  2 1 16 1 12  56  85 -91839309
00_07832 N.Kasato         3 18 2  7 x  x 1 16 2 11  69  34 -1337962072
00_07843 Y.Tanokura       2 17 3  5 1 17 1  8 1  6  78  98 589016702
00_07854 M.Keochisa       3 13 1  6 x  x 3 18 3 11  84  67 -1886741610
00_07865 S.Rasaoi         1 19 2 17 3  9 1 15 2 18  89  48 1035109245
00_07876 R.Wana           3 14 3 18 3 10 1  4 2 19  45  54 1831874697
00_07887 U.Kokuse         x  x 2 17 1 14 x  x 3 18  74  10 1527703324
00_07898 W.Totsuriki      3 19 x  x x  x 2  3 3 16  86  26 -119899404
00_07902 E.Ruwasora       1 10 x  x 2 18 3 16 1 17  24  87 -409371105
00_07913 R.Sohotei        3 12 2 12 2  9 1 14 3  9  95  76 -44511876
00_07924 U.Sata           x  x x  x 3 12 3  8 2 11  43  92 624718085
00_07935 A.Teri           1 17 2 13 1  6 x  x x  x  77  40 751258885
00_07946 K.Shini          1 13 2 10 x  x 1 12 3  8 100  91 307142724
00_07957 T.Kechi          x  x x  x 3 19 1 17 1 18  51  34 1170630818
00_07968 M.Toseriha       2 19 2 14 2 10 x  x x  x  53  76 1408385187
00_07979 Y.Oki            3 13 1  2 x  x 2 16 2 19  75  94 416558105
00_07980 M.Shichikahu     1 15 x  x 2 16 2 12 3 17  37  14 1565079171
00_07991 T.Yoyo           2 13 3 19 x  x 1 15 2  9  58  31 -918868026
00_08000 S.Nutenu         3 13 2 16 2 15 3 13 2 16  56  10 663679481
00_08011 I.Huyaa          2 14 x  x 3 11 3 16 3 16  87  68 247096849
00_08022 A.Shitsu         x  x 1 11 3  8 2 14 2 10  36  95 288756401
00_08033 I.Hetotani       1 18 2 17 x  x 2 11 x  x  90  98 876005277
00_08044 A.Hikunute       1 16 x  x x  x 1 10 2  6  70  89 -227420760
00_08055 M.Sehi           3 19 2 19 x  x 1 13 3 12  98  69 1715445757
00_08066 M.Usuchite       1  9 3 18 1 12 1 13 1 19  98  84 197505566
00_08077 S.Akoha          x  x 2 14 2  8 1  9 1  6  84  33 524984870
00_08088 R.Hite           1 20 1 15 2 12 x  x 2 17  89  90 -453065184
00_08099 I.Sora           3  6 3 15 1 18 1  9 3  9  75  88 -1937718419
00_08103 A.Sua            x  x x  x 2  6 1  8 2 16  50  95 1491316245
00_08114 E.Suroru         3  3 x  x 1 18 3 12 2  8  78  60 1946868081
00_08125 K.Huki           1 14 3 17 2 13 2 17 3 12  81  69 -434570266
00_08136 K.Eniki          1 18 3 19 1 12 3  8 3 16  59  26 -794507466
00_08147 Y.Nushita        1 18 1 19 2 19 3 15 1 11  91  60 -1073690618
00_08158 W.Nasu           1 11 1  8 2 12 1  6 2 16  84  62 -1196361560
00_08169 T.Rishiruha      1 19 3 14 3  5 3 15 1 18  82  71 748882251
00_08170 Y.Yaunone        1 11 x  x 3  8 3 18 3 19  71  67 1889477333
00_08181 N.Keitsu         2  8 2 15 x  x x  x x  x  83  26 967040468
00_08192 A.Runanu         3 16 3 15 2 11 3 18 3  8  51  50 -2055698627
00_08206 N.Hona           x  x 1 17 3 11 2  7 2 13  47  31 2076306468
00_08217 N.Ranitata       1  8 3 19 x  x 3 17 x  x  90  60 1170055732
00_08228 W.Rae            1  9 3 16 2 12 1 10 1 15  31  66 -1074370425
00_08239 S.Nate           3  9 x  x x  x x  x 2  5  34  78 1241279387
00_08240 T.Senu           3 19 2 14 x  x 2 13 1  9  95  38 1790680054
00_08251 N.Haohanu        3 12 3  9 x  x 1 16 3 13  93  88 -123107833
00_08262 U.Hiruitsu       1  5 2 17 3 16 1 13 3 14  93  91 -811590405
00_08273 M.Ranosoo        3  6 2 14 2  8 1  8 x  x 100  77 258536015
00_08284 W.Rute           3 15 2 19 1 11 3  9 1  8  83  74 568330658
00_08295 S.Rinehehe       x  x x  x x  x 2 10 1 18  36  33 808083841
00_08309 T.Tetewa         1  6 2 12 x  x 3  8 1  8  45  95 -448322561
00_08310 N.Oko            2 17 1 14 3 16 x  x 1 15  60  78 -892621064
00_08321 O.Rushihushi     x  x 2 12 x  x 3 16 3  6  58  81 153725157
00_08332 M.Rineko         1  2 x  x 1  7 2 10 x  x  78  44 -93095745
00_08343 M.Wawara         1 16 3  8 1 11 3  6 2  5  56  24 -1319908191
00_08354 R.Rehasa         1 16 3 17 2 13 1 16 2 14  14  88 670129538
00_08365 O.Kaka           x  x 3 19 x  x 3 17 2  6  48  0 -1037531708
00_08376 R.Kuteshihe      1 19 1  8 x  x x  x 3 19  0  91 1834365863
00_08387 W.Ewahi          2 15 3 11 3 13 x  x 1  2  93  36 1055892532
00_08398 R.Tsuto          2 19 1 10 3  8 3 15 2 12  57  98 493462940
00_08402 E.Riyari         2 12 3  7 2 18 x  x x  x  43  68 1522911783
00_08413 R.Ehu            3 18 1  2 3  5 x  x 3 15  85  74 -841283306
00_08424 K.Unuya          3  6 3  9 2 16 1  9 1  7  77  48 443061809
00_08435 Y.Saketeyo       1 10 2 15 x  x 2 16 1 20  40  22 -472068419
00_08446 M.Nukayotsu      3 19 x  x 1  4 x  x 3 18  53  71 1353430193
00_08457 S.Soyaato        x  x 1 19 x  x 2 18 1 15  97  52 -1765860913
00_08468 T.Seanuni        2  6 2 18 2 12 3 19 1 14  91  84 1121187628
00_08479 S.Nukayu         2 12 3 16 1 19 1 16 1 19  80  89 372564295
00_08480 U.Nehahora       1  8 1 12 3 14 2 18 3 15  60  33 -258660038
00_08491 U.Wato           2 12 3 17 3  6 2 19 2 15  53  24 925477840
00_08505 H.Kukoo          3 18 2 19 2 10 x  x 1  6  38  66 -413207502
00_08516 R.Eyu            3  9 1 18 2  3 3  5 1 17  73  33 413588942
00_08527 H.Koro           1 16 3 12 2  3 2  3 x  x  56  61 1377873603
00_08538 O.Eyunenu        2 16 3  5 1 14 1  8 3 14  96  37 -669928312
00_08549 O.Nekekohu       3  7 3 15 1 19 3 15 3 15  87  84 -707546611
00_08550 Y.Kiri           2 15 3 17 3 14 x  x 1 14  65  76 -744381264
00_08561 Y.Niyoruri       2 15 3  2 3  8 2  8 x  x  46  38 -1427700394
00_08572 M.Niha           3  0 1 11 2 15 1  9 x  x  14  92 1812304275
00_08583 T.Uratahu        3  4 x  x x  x 2 10 x  x  66  86 954786793
00_08594 M.Taese          2 19 3  9 x  x 2 19 x  x  94  56 -1375332887
00_08608 R.Kuhe           3 12 2 15 1 13 x  x x  x  96  90 197359862
00_08619 R.Ehe            3 13 2 16 3 14 x  x 1 18  45  65 -1511407757
00_08620 Y.Oro            1 19 3 17 2  9 1 17 3 19  96  94 -1448156578
00_08631 H.Shisu          1 17 1 16 2 18 2 18 2 17  64  97 1093186914
00_08642 T.Haeto          2  0 1 19 1  5 1  8 1 12  0  96 1382179819
00_08653 T.Kuau           2 15 x  x x  x 1 16 3 20  31  64 -19767003
00_08664 W.Wayou          2  6 1 17 3 18 3 17 3 17  76  95 -1690980670
00_08675 R.Nuo            3 18 1  8 3 18 2 10 3  6  96  47 -1982633114
00_08686 U.Tee            2 14 x  x 2 17 2  8 1 19  42  81 -1641395234
00_08697 K.Seka           2  8 x  x 1  8 2  8 1 19  14 100 834800664
00_08701 U.Kare           2 17 2 12 3  8 3 14 x  x  82  60 -1179618422
00_08712 S.Achi           2  9 1 20 1  6 2  7 1 17  14  22 -2135586235
00_08723 K.Tsurotete      x  x 3 19 x  x 3  8 3  2  51  56 166381683
00_08734 N.Orane          1 11 x  x x  x 2 11 x  x  93  78 1814445819
00_08745 E.Ukisu          x  x x  x 1 14 1 10 1 14  67  58 -177094368
00_08756 N.Seshi          2 10 3 15 2 16 2 16 1 18  86  10 -506791013
00_08767 I.Ihoo           3  4 3 14 2 13 x  x x  x  90  26 -515895869
00_08778 H.Hoo            x  x x  x 2 15 2 19 1 16  74  17 63831677
00_08789 I.Tasowa         3 17 x  x 3 12 1 13 x  x  60  78 1835959945
00_08790 U.Sunisone       2 15 3 17 1  8 3  4 3 13  91  70 -271721819
00_08804 I.Sekorure       3  2 x  x 1 12 1  7 2 12  14  76 -1596748588
00_08815 N.Rakike         1  4 1 13 3 13 1 16 3 14  62  30 1795535853
00_08826 A.Keno           3  8 x  x x  x 1 13 3  6  66  97 -688865120
00_08837 O.Kikiyo         3 12 1 19 1 18 2 19 2 11  99  84 342619318
00_08848 R.Shihuu         2 19 3 19 2  9 2  0 2  9  87  78 -1909917179
00_08859 E.Koto           2 17 1 13 x  x 1 14 1 14  24  63 1250011698
00_08860 T.Haronuku       3  4 2 14 3 13 3 15 1 18  67  96 1953133947
00_08871 K.Hatayashi      1 16 1 15 3 12 x  x 2  6  68  36 -1772763574
00_08882 M.Akuri          2  4 2 19 1 11 2 15 3 14  50  94 1925013399
00_08893 E.Kero           3 12 1 17 1  9 1 15 2 10  90  20 878750282
00_08907 Y.Tehinoru       1 17 1 10 1 18 x  x 2 11  53  76 -996193086
00_08918 R.Sorusayo       2  7 1 14 1 16 1 16 x  x  30  67 -649458625
00_08929 U.Osuru          x  x 2  8 1 15 x  x 2  9  47  98 1784457968
00_08930 E.Hohaya         1 19 3 18 3 10 2  7 2  7  57  93 569576381
00_08941 Y.Kuroko         2 10 2 10 2 18 x  x 2 10  46  14 -1940732104
00_08952 I.Nuisu          1 18 3 13 x  x 3 16 x  x  76  97 1004633519
00_08963 H.Aese           3  9 1 10 2 14 1  8 1 11  97  58 1599796157
00_08974 T.Korune         3 11 3  6 2  2 2 13 2 12  72  81 1210919599
00_08985 K.Kochiranu      3 17 1 12 2 19 3 13 x  x  60  87 692871008
00_08996 Y.Ruusohe        2 13 x  x 2 18 2  7 2  5  97  65 -505246486
00_09005 S.Tsuhotsuke     1  2 3 14 1  5 1 16 2 15  86  41 -1155563640
00_09016 K.Hawasu         2 16 1 10 3  8 2 16 1 11  56  73 -1174355560
00_09027 H.Asouno         2 18 2  4 2 12 x  x 2 14  84  62 1617314590
00_09038 Y.Reuhu          2 18 x  x 2  6 2 10 x  x  22  64 -144745081
00_09049 M.Soono          x  x 2 12 1 16 1 10 x  x  96  69 1371594137
00_09050 I.Yokoke         1  2 2  7 2  8 3 20 3 12  72  37 -2058179282
00_09061 T.Yore           3 18 1 16 1  8 1  6 x  x  20  95 -1034508596
00_09072 I.Tsuku          3  8 x  x x  x 3 14 2 18  88  70 1382328101
00_09083 W.Wahohenu       2 14 2 16 1  2 1 19 1 12  51  92 -698828666
00_09094 R.Nariniri       x  x 2 19 3 14 3  3 1  8  80  84 868197020
00_09108 W.Yuwa           3 11 3 14 3  6 2 18 2 17  26  73 1000843504
00_09119 W.Chikuhui       1  7 x  x 1 10 3  8 1 19  93  88 2142111873
00_09120 K.Henise         2 16 2 13 x  x 3 17 1 13  98  92 477901177
00_09131 O.Aniho          x  x 3  5 x  x 1 18 1 17 100  84 -216577132
00_09142 T.Kaaruha        3 16 1 19 3 12 2  4 2 17  72  78 1239750698
00_09153 T.Sushi          x  x 3  8 3  8 3 18 3 11  84  26 92311977
00_09164 W.Tsuoru         3 17 3 14 1 19 1  7 1  5  88  54 1570404089
00_09175 W.Hinesohi       3  8 2 10 1  3 1 18 3 15  90  92 -997283215
00_09186 H.Rokare         2 19 3  8 1 17 1 18 3 15  90  46 -1723250169
00_09197 S.Hanu           2 18 3 18 2  7 1 15 3 15  55  93 146449941
00_09201 N.Tsuhonunu      2  8 x  x x  x 3 13 1  2  69  46 643642684
00_09212 E.Unaka          1 16 2 20 x  x x  x x  x  91  57 382620529
00_09223 H.Nekusahe       3 15 x  x 2  9 1 11 3 14  79  54 2067953242
00_09234 Y.Soo            x  x 3  6 3 19 3 15 3 13  72  97 -1762210262
00_09245 S.Ahuyoo         1  4 1 14 2 16 x  x 1 10  71  30 1092163204
00_09256 Y.Heruke         x  x 2  8 2  7 2  5 3 19  59  89 1989655754
00_09267 S.Rakui          2  6 3 14 2 11 x  x 3 11  66  0 1701151633
00_09278 H.Hiyosuni       2 15 3 16 1 17 1  9 1 11  64  64 -678001858
00_09289 A.Nono           3 12 3 19 1 16 2 18 2 19  92  72 -572657549
00_09290 T.Norani         x  x 1 10 2 13 2 14 3 19  67  80 -419280322
00_09304 H.Rano           2  7 1 12 1 15 2  4 3 15  0  70 1034850650
00_09315 O.Are            2 11 2 17 x  x 2  6 2 10  98  94 661404988
00_09326 W.Sana           1 13 3 14 2 15 3 17 1  4  91  69 1825850737
00_09337 O.Era            x  x 3 13 1 15 3 12 2  5  64  20 1473631930
00_09348 W.Nesau          3 13 x  x x  x 2  9 1 14  69  67 686914471
00_09359 R.Kokoso         1 12 2 19 3 13 2  5 1 16  61  81 -1740397280
00_09360 W.Sonihuru       2 13 2 18 3 10 3  4 x  x  69  69 -998981307
00_09371 O.Hoyosewa       x  x 1 17 2  8 x  x 2 10  94  62 1759363307
00_09382 I.Hokuko         2 17 1 12 3 10 x  x 1 13  87  91 -1992502394
00_09393 H.Nuita          1 16 2  6 3 12 2 14 x  x  80  95 1143579340
00_09407 Y.Nekiro         x  x 3 18 x  x 1 12 2 13  84  58 -1773847794
00_09418 Y.Suyane         2 10 2 15 2 18 1  0 3  4  57 100 -1609905645
00_09429 H.Yusotare       1  3 2 12 1 16 1 13 2 18  59  81 -1118311219
00_09430 O.Wanoiso        2 11 2 18 1  6 x  x x  x  50  43 892731639
00_09441 E.Kosanehu       2 11 3 18 3  9 x  x 2 14  72  96 -286129318
00_09452 E.Kaahahi        x  x 1 17 1 12 2 18 1  8  67  20 44173385
00_09463 W.Saauni         3  8 x  x x  x 2  8 3  8  64  67 1369343196
00_09474 Y.Kese           1 18 1 17 3  6 3 14 2 19  74  83 790123885
00_09485 N.Shitsu         2  6 x  x 3 17 1 18 x  x  94  89 432161210
00_09496 O.Shiawa         3 17 1 17 2 18 1 20 x  x 100  44 52300023
00_09500 M.Risuroke       2 14 3 15 3  8 3 17 x  x  22  24 1751589265
00_09511 S.Kotaku         1  8 1 17 1 13 1 17 3 18  55  79 1683337404
00_09522 I.Hotehisu       2 20 2 13 2 17 1  7 1  0  0  44 367247098
00_09533 I.Shiwaru        3 14 x  x x  x 1 12 1 18  94  70 1389150586
00_09544 N.Rayatsu        x  x 2  6 x  x 2 12 1  6  56  57 -1709248898
00_09555 E.Ewa            2 18 x  x 3 11 1 16 2 18  64  17 1636301779
00_09566 N.Sora           x  x 1 10 2 13 1 10 x  x  92  88 -1272572504
00_09577 A.Konowahe       x  x x  x 2  9 3  9 3 19  60  76 1514747707
00_09588 M.Rio            x  x 1 18 1  5 x  x 2 19  86  57 1002719129
00_09599 U.Tsuse          1 12 x  x 3 11 3  7 3  8  69  53 -443878889
00_09603 A.Nohachise      2  4 2 17 x  x 2 12 1 12  90  92 477595049
00_09614 I.Noruta         x  x x  x 1 14 3 16 x  x  75  62 -856420699
00_09625 Y.Nisuyo         x  x 1  0 2 20 1 15 1 13  94  80 2105818351
00_09636 A.Kitsu          2 18 2 11 x  x 2 14 1 14  59  75 -458464564
00_09647 S.Tsura          3 17 3 14 x  x x  x x  x  72  76 -1695663367
00_09658 O.Shikotei       2 15 x  x x  x 2  4 1 11  86  74 529004501
00_09669 T.Tehichi        x  x x  x 2 14 1 15 2 12  69  50 -620050326
00_09670 I.Chiyutsuru     2 15 2 13 1 14 3  6 1  3  33  57 -1059714101
00_09681 S.Kero           2 16 2 16 x  x 2 12 1 14  64  78 1966925469
00_09692 K.Shine          3  2 3 14 1  4 2  9 x  x  74  60 -2097071658
00_09706 O.Wasosu         x  x 3 17 x  x x  x 1 12  14  99 931843652
00_09717 M.Kuri           2  4 1 16 3  7 3 19 2  8  42  58 -274535721
00_09728 N.Tehetoyo       2 18 2 16 1 19 1 18 2 19  45  70 -979009147
00_09739 U.Totosasu       2 17 1 10 3 16 3 19 3 14  97  57 -2050208041
00_09740 A.Chise          1 10 1  2 1 12 2 18 2  3  72  43 -1504714629
00_09751 U.Totowa         1  4 2 14 2 20 2  4 3 19  0  68 930818920
00_09762 H.Ao             x  x 2 19 1 15 2 10 2  5  34  50 339349942
00_09773 A.Sosere         3  2 2 14 3  6 1 13 2  8  97  79 1440132306
00_09784 I.Nutera         3  8 3 19 1 12 3  6 2 18  83  83 -1295586263
00_09795 H.Kuhushiku      1 19 1  9 3 17 x  x 2 14  93  26 1062969894
00_09809 N.Hitoneko       1 16 x  x x  x x  x 1  4  37  91 573714799
00_09810 K.Kayochi        3 12 x  x 3 15 x  x 1  7  47  84 -1542299022
00_09821 N.Esa            2  2 x  x 2 13 1 16 1 14  60  85 453301669
00_09832 U.Rieke          1 12 2 13 x  x 1 15 x  x  50  79 1048890276
00_09843 Y.Shiukera       2 16 1 18 1 16 x  x x  x  61  96 -659097350
00_09854 A.Riso           1 15 2 14 2 19 1 14 3 14  30  83 -1136604451
00_09865 S.Rerine         x  x x  x x  x 2 12 1 16  81  95 416313475
00_09876 N.Toria          2  6 2 13 2 11 2  5 x  x  69  41 -1919012379
00_09887 S.Osunaru        1 10 2 11 2  7 1 12 1  8  97  78 -730488690
00_09898 R.Raheu          2 16 x  x 1  8 2  6 1 18  78  95 -783272120
00_09902 I.Waseoro        1  8 1 13 2  2 x  x 2  6  95  92 1301521012
00_09913 T.Chira          x  x 2 13 x  x 2 19 x  x  85  86 -381667709
00_09924 O.Keno           x  x 3 19 2 14 1  9 1 17  82  79 1303277541
00_09935 I.Riari          3 13 1 12 1 17 1  7 1 10  67  47 -2107223969
00_09946 N.Oho            1 18 2  8 x  x 1 15 2  0  93  93 865561526
00_09957 N.Niseno         3 14 1  8 x  x 3 10 x  x  36  59 1979931535
00_09968 K.Nataa          x  x 2 13 2 16 1 18 2 17  93  67 -1439813306
00_09979 A.Niinoyo        2 15 2 19 3  7 x  x 3 18  64  52 1308948814
00_09980 E.Kake           3  8 3 14 3 17 1  8 3  8  94  90 278341203
00_09991 S.Ruhenoka       3 18 x  x 2 18 1 14 3 19  88  52 -1601617198
